0.43088812029388124 0.007877939313146398 0.5190494681753818 0.6512977541870175
0.09211261450839447 0.17574007044465345 0.023821361068332547 0.6941381518778422
0.5244139621530783 0.077877600919109 0.42746822293370246
0.3879654002331211 0.5867423860782871 0.7672468121587718
0.44526812414272754 0.5191069247741019 0.2536605544829418
0.882246654132072 0.6851455598740601 0.8220502973595731
0.9180162958168978 0.6807687168939368 0.716432963331639
0.04540961177496183 0.8487862342898926 0.7286463752892295
0.3961118093479764 0.5394596284240395 0.044293685063539145
0.03400746351835904 0.3660745771045931
0.6421084592284686 0.24969823739842634
0.6533082330352028 0.7152011199518461
2
0.7540831442328704 0.674247960215325
0.5297389158465649 0.05134577673821883